Mtg=183.85;  %W
Mpr=14.01;   %N
Ztg=74.0;   %W
Zpr=7.0;    %N
Esb=8.68;
Esp=1.0;

%energy dependence
lambda=0.0921;
qeros=1.4389;
mu_eros=2.0225;
Eth=45.3362;

%angular dependence for E=100eV
f=2.2531;
b=1.2151;
c=1.0310;