Mtg=183.85;  %W
Mpr=14.01;   %N
Ztg=74.0;   %W
Zpr=7.0;    %N
Esp=1.0;

%energy dependence
lambda=0.0921;
qeros=1.4389;
mu_eros=2.0225;
Eth=45.3362;
Esb=8.68;
Esp=1.0;

%angular dependence for E=50eV
f=1.7735;
b=4.3144;
c=0.9468;

