Mtg=183.85;  %W
Mpr=2.01;   %D
Ztg=74.0;   %W
Zpr=1.0;    %D
Esp=1.0;

%energy param, for D -> W
b1=0.4453;
b2=-0.0807;
b3=0.5964;
b4=9923.26;

%angular param, for E0=50eV, D->W
c1=5.971;
c2=5.386;
c3=1.080;
c4=-3.232;
