Mtg=183.85;  %W
Mpr=2.01;   %D
Ztg=74.0;   %W
Zpr=1.0;    %D
Esp=1.0;

%energy param, for D -> W
a1=0.2547;
a2=-0.1146;
a3=1.195;
a4=1.259;

%angular param, for E0=250eV, D->W
d1=5.077;
d2=4.701;
d3=1.374;
d4=-3.401;
