Mtg=183.85;  %W
Mpr=14.01;   %N
Ztg=74.0;   %W
Zpr=7.0;    %N
Esp=1.0;
Esb=8.68; %surface binding energy, eV

%energy param, for N -> W
a1=0.09951;
a2=-0.1688;
a3=0.6816;
a4=1.215;

%angular param, for E0=50eV, N->W
d1=0.7871;
d2=0.4947;
d3=1.775;
d4=-2.211;
